112 1
196 1
432 1
680 1
916 0
1168 0
1452 0
1744 0
2036 1
2332 1
2616 1
3000 0
4360 1
5720 1
7080 0
8440 1
9800 0
11160 0
12692 0
14220 0
15752 0
17280 1
18812 1
20340 1
21872 1
23400 1
24932 0
26460 0
27992 1
29520 0
31052 0
32580 1
34112 1
35640 0
37172 1
38700 1
40232 1
41760 0
43292 1
44820 0
46352 0
47880 0
49412 0
50940 0
52472 1
54000 1
55532 1
57060 1
58592 1
60120 0
61652 0
63180 0
64712 0
66240 0
67772 1
69300 1
70832 1
72360 1
73892 1
75420 0
76952 1
78480 1
80012 0
81540 0
83072 1
84600 0
86132 0
87660 1
89192 1
90720 0
92252 1
93780 0
95312 0
96840 0
98372 1
99900 0
101432 0
103132 1
104832 1
106532 1
108232 0
109932 1
111636 1
113332 0
115032 0
116732 1
118432 1
120132 1
121832 1
123532 1
125232 1
126932 0
128632 0
130332 0
132032 1
133732 0
135432 0
137132 1
138832 1
140532 1
142232 0
143932 0
145632 0
147332 1
149032 0
150732 0
152432 1
154132 1
155832 1
157532 0
159232 1
160932 1
162632 0
164332 0
166032 1
167732 1
169432 1
171132 1
172832 1
174532 1
176232 0
177932 0
179632 0
181332 0
183032 0
184732 0
186432 1
188132 1
189832 1
191532 0
193232 0
194932 1
196632 1
198332 0
200032 0
201736 1
203432 1
205132 1
206832 0
208532 1
210232 1
211932 0
213632 0
215332 0
217032 1
218732 1
220432 1
222132 1
223832 1
225532 0
227232 0
228932 0
230632 0
232332 0
234032 0
235732 1
237432 1
239132 1
240832 0
242532 0
244232 1
245932 1
247632 0
249332 0
251032 1
252732 1
254432 1
256132 0
257832 1
259532 1
261232 0
262932 0
264632 0
266332 1
268032 0
269732 0
271432 1
273132 1
274832 0
276532 0
278232 0
279932 0
281632 1
283332 0
285032 0
286736 1
288432 1
290132 1
291832 0
293532 1
295232 1
296932 0
298632 0
300332 1
302032 1
303732 1
305432 1
307132 1
308832 1
310532 0
312232 0
313932 0
315632 1
317332 1
319032 0
320732 1
322432 1
324132 1
325832 0
327532 0
329232 0
330932 0
332632 0
334332 0
336032 1
337732 1
339432 1
341132 0
342832 1
344532 1
346232 1
347932 0
349632 0
351332 1
353032 1
354732 1
356432 0
358132 1
359832 1
361532 0
363232 0
364932 0
366632 1
368332 0
370032 1
371732 1
373432 1
375132 1
376836 0
378532 0
380232 0
381932 1
383632 0
385332 0
387032 1
388732 1
390432 1
392132 0
393832 0
395532 0
397232 1
398932 0
400632 0
402332 1
404032 1
405732 1
407432 0
409132 1
410832 1
412532 0
414232 0
415932 0
417632 1
419332 1
421032 1
422732 0
424432 1
426132 1
427832 0
429532 0
431232 0
432932 1
434632 1
436332 1
438032 1
439732 1
441432 1
443132 0
444832 0
446532 0
448232 0
449932 1
451632 0
453332 0
455032 1
456732 1
458432 0
460132 0
461836 0
463532 0
465232 0
466932 0
468632 0
470332 1
472032 1
473732 1
475432 0
477132 1
478832 0
480532 0
482232 0
483932 1
485632 1
487332 1
489032 1
490732 0
492432 1
494132 1
495832 0
497532 0
499232 1
500932 1
502632 1
504332 1
506032 0
507732 1
509432 1
511132 0
512832 0
514532 0
516232 1
517932 0
519632 0
521332 1
523032 1
524732 1
526432 0
528132 0
529832 0
531532 1
533232 0
534932 0
536632 1
538332 1
540032 1
541732 0
543432 0
545132 0
546836 1
548532 0
550232 0
551932 1
553632 1
555332 1
557032 0
558732 0
560432 1
562132 0
563832 0
565532 0
567232 1
568932 1
570632 1
572332 1
574032 1
575732 1
577432 1
579132 0
580832 0
582532 1
584232 1
585932 1
587632 1
589332 1
591032 1
592732 0
594432 0
596132 0
597832 0
599532 1
601232 0
602932 0
604632 1
606332 1
608032 0
609732 0
611432 0
613132 0
614832 1
616532 0
618232 0
619932 1
621632 1
623332 1
625032 0
626732 1
628432 1
630132 0
631832 0
633532 1
635232 1
636936 1
638632 1
640332 0
642032 1
643732 1
645432 0
647132 0
648832 0
650532 1
652232 1
653932 1
655632 1
657332 1
659032 0
660732 0
662432 0
664132 0
665832 1
667532 0
669232 0
670932 1
672632 1
674332 0
676032 0
677732 0
679432 0
681132 0
682832 0
684532 1
686232 1
687932 1
689632 1
691332 0
693032 1
694732 1
696432 0
698132 0
699832 1
701532 1
703232 1
704932 1
706632 1
708332 1
710032 0
711732 0
713432 0
715132 0
716832 1
718532 0
720232 0
721936 1
723632 1
725332 0
727032 0
728732 0
730432 0
732132 0
733832 0
735532 1
737232 1
738932 1
740632 0
742332 1
744032 1
745732 0
747432 0
749132 0
750832 1
752532 1
754232 1
755932 1
757632 1
759332 0
761032 0
762732 0
764432 0
766132 1
767832 0
769532 0
771232 1
772932 1
774632 0
776332 0
778032 0
779732 1
781432 0
783132 0
784832 1
786532 1
788232 1
789932 0
791632 1
793332 1
795032 0
796732 0
798432 0
800132 1
801832 1
803532 1
805232 1
806932 1
808632 0
810332 0
812036 0
813732 0
815432 0
817132 0
818832 1
820532 1
822232 1
823932 0
825632 1
827332 1
829032 0
830732 0
832432 1
834132 1
835832 1
837532 1
839232 1
840932 1
842632 0
844332 0
846032 0
847732 0
849432 0
851132 0
852832 1
854532 1
856232 1
857932 0
859632 1
861332 1
863032 1
864732 0
866432 0
868132 1
869832 1
871532 1
873232 0
874932 1
876632 1
878332 0
880032 0
881732 0
883432 1
885132 1
886832 1
888532 1
890232 1
891932 0
893632 0
895332 0
897036 0
898732 0
900432 0
902132 1
903832 1
905532 1
907232 0
908932 1
910632 1
912332 0
914032 0
915732 0
917432 1
919132 1
920832 1
922532 0
924232 1
925932 1
927632 0
929332 0
931032 0
932732 1
934432 0
936132 0
937832 1
939532 1
941232 0
942932 0
944632 0
946332 0
948032 0
949732 0
951432 0
953132 1
954832 1
956532 1
958232 0
959932 1
961632 1
963332 0
965032 0
966732 1
968432 1
970132 1
971832 1
973532 1
975232 1
976932 1
978632 0
980332 0
982036 0
983732 1
985432 1
987132 1
988832 1
990532 1
992232 0
993932 0
995632 0
997332 0
999032 1
1000732 0
1002600 1
1004472 1
1006340 1
1008212 1
1010080 1
1011952 1
1013820 0
1015692 0
1017560 0
1019432 1
1307412 1
1309280 1
1292452 0
1294320 0
1296192 0
1298060 1
1299932 0
1301800 0
1303672 1
1305540 1
1307412 1
1309280 1
1311152 1
1313020 0
1314892 0
1316760 0
1318632 1
1320500 1
1322372 1
1324240 1
1326112 0
1327980 0
1329852 0
1331720 0
1333592 1
1335460 1
1337332 1
1339200 1
1341072 0
1342940 0
1344812 0
1346680 0
1348552 1
1350420 0
1352292 1
1354160 1
1356032 0
1357900 1
1359772 1
1361640 1
1363512 0
1365380 0
1367252 0
1369120 1
1370992 1
1372860 1
1374732 1
1376600 0
1378472 0
1380340 0
1382212 1
1384080 1
1385952 1
1387820 1
1389692 1
1391560 0
1393432 0
1395300 0
1397172 0
1399040 1
1400912 0
1402780 1
1404652 1
1406520 0
1408392 1
1410260 1
1412132 1
1414000 0
1415872 0
1417740 0
1419612 1
1421480 1
1423352 1
1425220 1
1427092 0
1428960 0
1430832 0
1432700 1
1434572 1
1436440 1
1438312 1
1440180 0
1442052 0
1443920 0
1445792 0
1447660 0
1449532 1
1451400 1
1453272 1
1455140 1
1457012 0
1458880 1
1460752 1
1462620 1
1464492 0
1466360 0
1468232 0
1470100 1
1471972 1
1473840 1
1475712 0
1477580 0
1479452 0
1481320 0
1483192 1
1485060 1
1486932 1
1488800 1
1490672 0
1492540 0
1494412 0
1496280 0
1498152 1
1500020 1
1501892 1
1503760 1
1505632 0
1507500 1
1509372 1
1511240 1
1513112 0
1514980 0
1516852 0
1518720 0
1520592 1
1522460 1
1524332 1
1526200 0
1528072 0
1529940 0
1531812 0
1533680 1
1535552 1
1537420 1
1539292 1
1541160 0
1543032 0
1544900 0
1546772 0
1548640 1
1550512 0
1552380 1
1554252 1
1556120 0
1557992 1
1559860 1
1561732 0
1563600 0
1565472 0
1567340 0
1569212 0
1571080 1
1572952 1
1574820 1
1576692 0
1578560 0
1580432 0
1582300 1
1584172 1
1586040 1
1587912 1
1589780 1
1591652 0
1593520 0
1595396 0
1597260 0
1599132 1
1601000 1
1602872 1
1604740 1
1606612 0
1608480 1
1610352 1
1612220 0
1614092 1
1615960 0
1617832 0
1619700 1
1621572 1
1623440 1
1625312 1
1627180 0
1629052 0
1630920 0
1632792 0
1634660 1
1636532 1
1638408 1
1640272 0
1642140 0
1644012 0
1645880 0
1647752 0
1649620 1
1651492 1
1653360 1
1655232 1
1657100 0
1658972 1
1660840 0
1662712 0
1664580 0
1666452 0
1668320 0
1670192 0
1672060 1
1673932 1
1675800 1
1677672 0
1679540 0
1681416 0
1683280 1
1685152 1
1687020 1
1688892 1
1690760 0
1692632 0
1694500 0
1696372 0
1698240 1
1700112 1
1701980 1
1703852 1
1705720 0
1707592 1
1709460 1
1711332 0
1713200 0
1715072 0
1716940 0
1718812 1
1720680 1
1722552 1
1724428 0
1726292 0
1728160 0
1730032 0
1731900 1
1733772 1
1735640 1
1737512 1
1739380 1
1741252 0
1743120 0
1744992 0
1746860 1
1748732 0
1750600 0
1752472 0
1754340 1
1756212 1
1758080 1
1759952 1
1761820 0
1763692 0
1765560 0
1767436 1
1769300 1
1771172 1
1773040 1
1774912 0
1776780 0
1778652 0
1780520 0
1782392 1
1784260 1
1786132 1
1788000 1
1789872 0
1791740 1
1793612 1
1795480 0
1797352 0
1799220 0
1801092 0
1802960 0
1804832 1
1806700 1
1808572 1
1810448 0
1812312 0
1814180 0
1816052 1
1817920 1
1819792 1
1821660 1
1823532 0
1825400 0
1827272 0
1829140 0
1831012 1
1832880 1
1834752 1
1836620 1
1838492 0
1840360 1
1842232 1
1844100 1
1845972 0
1847840 0
1849712 0
1851580 1
1853456 1
1855320 1
1857192 1
1859060 0
1860932 0
1862800 0
1864672 0
1866540 1
1868412 1
1870280 1
1872152 1
1874020 0
1875892 1
1877760 0
1879632 0
1881500 1
1883372 0
1885240 0
1887112 0
1888980 1
1890852 1
1892720 1
1894592 0
1896468 0
1898332 0
1900200 1
1902072 1
1903940 1
1905812 1
1907680 0
1909552 0
1911420 0
1913292 0
1915160 1
1917032 1
1918900 1
1920772 1
1922640 0
1924512 1
1926380 1
1928252 0
1930120 0
1931992 0
1933860 0
1935732 1
1937600 1
1939476 1
1941340 0
1943212 0
1945080 0
1946952 0
1948820 1
1950692 1
1952560 1
1954432 1
1956300 0
1958172 1
1960040 1
1961912 0
1963780 0
1965652 0
1967520 0
1969392 1
1971260 1
1973132 1
1975000 0
1976872 0
1978740 0
1980612 0
1982484 1
1984352 1
1986220 1
1988092 1
1989960 0
1991832 1
1993700 0
2304120 1
2305992 1
2307860 1
2309732 0
2291032 1
2292900 1
2294772 0
2296640 0
2298512 0
2300380 0
2302252 1
2304120 1
2305992 1
2307860 1
2309732 0
2292900 1
2294772 0
2296640 0
2298512 0
2300380 0
2302252 1
2304120 1
2305992 1
2307860 1
2309732 0
2311600 0
2313472 0
2315340 1
2317212 1
2319080 1
2320952 1
2322820 0
2324692 0
2326560 0
2328432 0
2330300 1
2332172 0
2334040 0
2335912 0
2337780 1
2339652 1
2341520 1
2343392 0
2345260 0
2347132 0
2349000 1
2350872 1
2352740 1
2354612 1
2356480 0
2358352 0
2360220 0
2362092 0
2363960 1
2365832 0
2367700 0
2369572 1
2371440 1
2373312 1
2375180 1
2377052 0
2378920 0
2380792 0
2382660 1
2384532 1
2386400 1
2388272 1
2390140 0
2392012 0
2393880 0
2395752 0
2397620 1
2399492 1
2401360 1
2403232 1
2405100 0
2406972 1
2408840 1
2410712 1
2412580 0
2414452 0
2416320 0
2418192 1
2420060 1
2421932 1
2423800 1
2425672 0
2427540 0
2429412 0
2431280 0
2433152 1
2435020 1
2436892 1
2438760 1
2440632 0
2442500 0
2444372 0
2446240 0
2448112 1
2449980 0
2451852 1
2453720 1
2455592 0
2457460 1
2459332 1
2461200 0
2463072 0
2464940 0
2466812 0
2468680 0
2470552 1
2472420 1
2474292 1
2476160 0
2478032 0
2479900 0
2481772 1
2483640 1
2485512 1
2487380 1
2489252 1
2491120 0
2492992 0
2494860 0
2496732 0
2498600 1
2500472 1
2502340 1
2504212 1
2506080 0
2507952 1
2509820 1
2511692 0
2513560 0
2515432 0
2517300 0
2519172 0
2521040 1
2522912 1
2524780 1
2526652 0
2528520 0
2530392 0
2532260 1
2534132 1
2536000 1
2537872 1
2539740 0
2541612 0
2543480 0
2545352 0
2547220 0
2549092 1
2550960 1
2552836 1
2554700 1
2556572 0
2558440 1
2560312 1
2562180 1
2564052 0
2565920 0
2567792 0
2569660 1
2571532 1
2573400 1
2575272 1
2577140 0
2579012 0
2580880 0
2582752 1
2584620 1
2586492 1
2588360 1
2590232 0
2592100 0
2593972 0
2595848 0
2597712 1
2599580 1
2601452 1
2603320 1
2605192 1
2607060 0
2608932 1
2610800 0
2612672 1
2614540 0
2616412 0
2618280 0
2620152 0
2622020 1
2623892 1
2625760 1
2627632 0
2629500 0
2631372 0
2633240 1
2635112 1
2636980 1
2638856 1
2640720 0
2642592 0
2644460 0
2646332 0
2648200 1
2650072 1
2651940 1
2653812 1
2655680 1
2657552 0
2659420 0
2661292 0
2663160 1
2665032 0
2666900 0
2668772 0
2670640 0
2672512 1
2674380 1
2676252 1
2678120 0
2679992 0
2681868 0
2683732 1
2685600 1
2687472 1
2689340 1
2691212 0
2693080 0
2694952 0
2696820 0
2698692 1
2700560 1
2702432 1
2704300 1
2706172 0
2708040 0
2709912 0
2711780 0
2713652 1
2715520 0
2717392 0
2719260 1
2721132 1
2723000 1
2724876 1
2726740 1
2728612 0
2730480 0
2732352 0
2734220 1
2736092 1
2737960 1
2739832 0
2741700 0
2743572 0
2745440 0
2747312 0
2749180 1
2751052 1
2752920 1
2754792 1
2756660 0
2758532 1
2760400 0
2762272 0
2764140 1
2766012 0
2767888 0
2769752 1
2771620 1
2773492 1
2775360 1
2777232 1
2779100 0
2780972 0
2782840 0
2784712 1
2786580 1
2788452 1
2790320 1
2792192 0
2794060 0
2795932 0
2797800 0
2799672 1
2801540 1
2803412 1
2805280 1
2807152 0
2809020 0
2810896 0
2812760 0
2814632 1
2816500 1
2818372 1
2820240 1
2822112 0
2823980 1
2825852 1
2827720 0
2829592 1
2831460 0
2833332 0
2835200 0
2837072 1
2838940 1
2840812 1
2842680 0
2844552 0
2846420 0
2848292 0
2850160 1
2852032 1
2853908 1
2855772 1
2857640 0
2859512 0
2861380 0
2863252 0
2865120 1
2866992 1
2868860 1
2870732 1
2872600 0
2874472 1
2876340 1
2878212 0
2880080 1
2881952 0
2883820 0
2885692 0
2887560 1
2889432 1
2891300 1
2893172 0
2895040 0
2896916 0
2898780 0
2900652 1
2902520 1
2904392 1
2906260 1
2908132 0
2910000 0
2911872 0
2913740 0
2915612 1
2917480 1
2919352 1
2921220 1
2923092 0
2924960 1
2926832 0
2928700 0
2930572 1
2932440 0
2934312 0
2936180 1
2938052 1
2939924 1
2941792 1
2943660 0
2945532 0
2947400 0
2949272 0
2951140 1
2953012 1
2954880 1
2956752 0
2958620 0
2960492 0
2962360 0
2964232 0
2966100 1
2967972 1
3298960 1
3300832 1
3302700 1
3304572 1
3306440 0
3308312 1
3310180 1
3291480 0
3293352 0
3295220 0
3297092 0
3298960 1
3300832 1
3302700 1
3304572 1
3306440 0
3308312 1
3310180 1
3312052 1
3313920 0
3315792 0
3317660 0
3319532 1
3321400 1
3323272 1
3325140 1
3327012 0
3328880 0
3330752 0
3332620 1
3334492 1
3336360 1
3338232 1
3340100 0
3341972 0
3343840 0
3345712 0
3347580 1
3349452 1
3351320 1
3353192 1
3355060 1
3356932 0
3358800 1
3360672 0
3362540 1
3364412 0
3366280 0
3368152 0
3370020 0
3371892 1
3373760 1
3375632 1
3377500 0
3379372 0
3381240 0
3383112 0
3384980 1
3386852 1
3388720 1
3390592 0
3392460 0
3394332 0
3396200 0
3398072 1
3399940 1
3401812 1
3403680 1
3405552 1
3407420 0
3409292 0
3411160 0
3413032 0
3414900 1
3416772 0
3418640 1
3420512 1
3422380 1
3424252 1
3426120 1
3427992 1
3429860 0
3431732 0
3433600 0
3435472 1
3437340 1
3439212 1
3441080 0
3442952 0
3444820 0
3446692 0
3448560 1
3450432 1
3452300 1
3454172 1
3456040 0
3457912 0
3459780 0
3461652 0
3463520 0
3465392 1
3467260 1
3469132 1
3471000 1
3472872 1
3474740 1
3476612 1
3478480 1
3480352 0
3482220 0
3484092 0
3485960 1
3487832 1
3489700 1
3491572 0
3493440 0
3495312 0
3497180 0
3499052 1
3500920 1
3502792 1
3504660 1
3506532 0
3508400 0
3510276 0
3512140 0
3514012 1
3515880 1
3517752 1
3519620 1
3521492 0
3523360 1
3525232 1
3527100 1
3528972 1
3530840 0
3532712 0
3534580 0
3536452 1
3538320 1
3540192 1
3542060 1
3543932 0
3545800 0
3547672 0
3549540 1
3551412 1
3553288 1
3555152 1
3557020 0
3558892 0
3560760 0
3562632 0
3564500 1
3566372 1
3568240 1
3570112 1
3571980 0
3573852 1
3575720 1
3577592 0
3579460 1
3581332 0
3583200 0
3585072 0
3586940 1
3588812 1
3590680 1
3592552 0
3594420 0
3596296 0
3598160 1
3600032 1
3601900 1
3603772 1
3605640 1
3607512 0
3609380 0
3611252 0
3613120 0
3614992 1
3616860 1
3618732 1
3620600 1
3622472 1
3624340 1
3626212 1
3628080 1
3629952 0
3631820 0
3633692 0
3635560 1
3637432 1
3639308 1
3641172 0
3643040 0
3644912 0
3646780 0
3648652 1
3650520 1
3652392 1
3654260 1
3656132 0
3658000 0
3659872 0
3661740 0
3663612 1
3665480 0
3667352 1
3669220 1
3671092 0
3672960 1
3674832 1
3676700 1
3678572 0
3680440 0
3682316 0
3684180 0
3686052 1
3687920 1
3689792 1
3691660 0
3693532 0
3695400 0
3697272 0
3699140 1
3701012 1
3702880 1
3704752 1
3706620 0
3708492 0
3710360 0
3712232 0
3714100 1
3715972 1
3717840 1
3719712 1
3721580 0
3723452 1
3725328 1
3727192 0
3729060 0
3730932 0
3732800 0
3734672 0
3736540 1
3738412 1
3740280 1
3742152 0
3744020 0
3745892 0
3747760 1
3749632 1
3751500 1
3753372 1
3755240 1
3757112 0
3758980 0
3760852 0
3762720 0
3764592 1
3766460 0
3768336 1
3770200 1
3772072 1
3773940 1
3775812 1
3777680 0
3779552 0
3781420 0
3783292 0
3785160 1
3787032 1
3788900 1
3790772 0
3792640 0
3794512 0
3796380 0
3798252 1
3800120 1
3801992 1
3803860 1
3805732 0
3807600 1
3809472 1
3811348 0
3813212 0
3815080 0
3816952 0
3818820 1
3820692 1
3822560 1
3824432 0
3826300 0
3828172 0
3830040 0
3831912 1
3833780 1
3835652 1
3837520 1
3839392 0
3841260 1
3843132 1
3845000 1
3846872 0
3848740 0
3850612 0
3852480 1
3854356 1
3856220 0
3858092 0
3859960 0
3861832 0
3863700 0
3865572 1
3867440 1
3869312 1
3871180 0
3873052 1
3874920 1
3876792 1
3878660 0
3880532 0
3882400 0
3884272 1
3886140 1
3888012 1
3889880 0
3891752 0
3893620 0
3895492 0
3897364 1
3899232 1
3901100 1
3902972 1
3904840 0
3906712 1
3908580 1
3910452 1
3912320 0
3914192 0
3916060 0
3917932 1
3919800 1
3921672 1
3923540 0
3925412 0
3927280 0
3929152 0
3931020 1
3932892 0
3934760 1
3936632 1
3938500 1
3940372 1
3942240 1
3944112 0
3945980 0
3947852 0
3949720 1
3951592 1
3953460 1
3955332 1
3957200 0
3959072 0
3960940 0
3962812 0
3964680 1
3966552 1
3968420 1
3970292 1
3972160 0
3974032 1
3975900 1
3977772 0
3979640 0
3981512 0
3983380 0
3985252 1
3987120 1
